ID	total_effect	direct_effect	indirect_effect	proportion_mediated
BMI_10015_119_proximal_Female	0.222515210653219	0.196901611096974	0.025613599556245	11.5109432209391
BMI_10063_10_proximal_Female	0.222515210653219	0.209711346707418	0.012803863945801	5.7541522254653
BMI_10063_10_rectal_Female	0.0706371037472393	0.0170295108218474	0.0536075929253919	75.8915500233644
BMI_10078_5_colon_Male	0.257736559506456	0.264860473739109	-0.00712391423265296	-2.76402938189858
BMI_10342_55_colon_Male	0.257736559506456	0.265162642281028	-0.00742608277457196	-2.88126868333786
BMI_10425_3_rectal_Female	0.0706371037472393	-0.00470707079401246	0.0753441745412518	106.663736965853
BMI_10435_2_colon_Male	0.257736559506456	0.251738529688227	0.005998029818229	2.32719402699979
BMI_10490_3_overall_Female	0.123365619269516	0.0878796705789816	0.0354859486905344	28.7648608264256
BMI_10490_3_overall_Sex-combined	0.150258166028166	0.149688678351194	0.000569487676971986	0.379006141247082
BMI_10490_3_proximal_Sex-combined	0.203892850660761	0.218601420550101	-0.01470856988934	-7.21387230678936
BMI_10563_13_proximal_Female	0.222515210653219	0.198517192713585	0.023998017939634	10.7848887584741
BMI_10618_190_proximal_Female	0.222515210653219	0.200869730885056	0.021645479768163	9.7276405080894
BMI_10618_190_rectal_Female	0.0706371037472393	0.0131780678866939	0.0574590358605454	81.3439861098369
BMI_10695_12_distal_Male	0.208735777569677	0.206076435019804	0.00265934254987302	1.27402335183546
BMI_10842_7_rectal_Female	0.0706371037472393	0.0124218224668185	0.0582152812804208	82.4145926038141
BMI_11112_18_proximal_Female	0.222515210653219	0.165245297839531	0.057269912813688	25.7375271764863
BMI_11126_102_colon_Sex-combined	0.190393396869719	0.188574900719739	0.00181849614998	0.95512563979535
BMI_11126_102_distal_Female	0.123174149031173	0.0778451339289063	0.0453290151022667	36.8007536149446
BMI_11146_4_proximal_Female	0.222515210653219	0.191539996323442	0.030975214329777	13.9204930030831
BMI_11149_3_rectal_Female	0.0706371037472393	0.0101138352035167	0.0605232685437226	85.6819792049982
BMI_11155_16_proximal_Female	0.222515210653219	0.214708796508505	0.007806414144714	3.50826090575893
BMI_11168_3_proximal_Female	0.222515210653219	0.203152139347982	0.019363071305237	8.7019090732694
BMI_11205_10_proximal_Female	0.222515210653219	0.203857998124393	0.018657212528826	8.38469085958465
BMI_11270_17_proximal_Male	0.238945525423205	0.264573800514422	-0.025628275091217	-10.7255723018147
BMI_11284_24_proximal_Female	0.222515210653219	0.203805898066323	0.018709312586896	8.40810501537071
BMI_11289_31_rectal_Female	0.0706371037472393	0.00513772230210588	0.0654993814451334	92.726595472416
BMI_11350_30_colon_Female	0.174372139235744	0.165957373858339	0.00841476537740499	4.82575107140744
BMI_11350_30_distal_Female	0.123174149031173	0.110562650376263	0.01261149865491	10.2387544416631
BMI_11352_42_colon_Male	0.257736559506456	0.257041824950067	0.000694734556389021	0.269552196133672
BMI_11486_26_proximal_Female	0.222515210653219	0.181055675779077	0.041459534874142	18.6322250746063
BMI_11573_3_colon_Male	0.257736559506456	0.219253642506529	0.038482916999927	14.931105262528
BMI_11573_3_overall_Male	0.216163911399654	0.194607096123201	0.021556815276453	9.97243949597013
BMI_11573_3_proximal_Sex-combined	0.203892850660761	0.225898174337266	-0.022005323676505	-10.7925920919698
BMI_11591_43_proximal_Female	0.222515210653219	0.210018501860591	0.012496708792628	5.61611440222107
BMI_11592_1_proximal_Female	0.222515210653219	0.203881491849439	0.01863371880378	8.37413260382451
BMI_11593_21_proximal_Female	0.222515210653219	0.201471057604333	0.021044153048886	9.45739978274225
BMI_11667_29_distal_Male	0.208735777569677	0.217288448161615	-0.00855267059193798	-4.09736686806509
BMI_11667_29_rectal_Female	0.0706371037472393	0.000321619188507563	0.0703154845587317	99.5446880301627
BMI_11671_19_colon_Male	0.257736559506456	0.274907355967482	-0.017170796461026	-6.66215010160244
BMI_11671_19_overall_Sex-combined	0.150258166028166	0.146176859510348	0.00408130651781799	2.71619614807021
BMI_12361_102_colon_Female	0.174372139235744	0.164352262834583	0.010019876401161	5.74625995017158
BMI_12366_16_proximal_Female	0.222515210653219	0.195323715399027	0.027191495254192	12.2200613496795
BMI_12400_25_distal_Male	0.208735777569677	0.209602921321715	-0.000867143752038002	-0.415426508159841
BMI_12444_39_proximal_Female	0.222515210653219	0.175413214698032	0.047101995955187	21.1679892879744
BMI_12513_8_proximal_Female	0.222515210653219	0.192202049260883	0.030313161392336	13.6229614610831
BMI_12513_8_rectal_Female	0.0706371037472393	-0.00209351075809434	0.0727306145053336	102.963755090505
BMI_12636_113_rectal_Female	0.0706371037472393	0.0131653501911783	0.057471753556061	81.3619903807383
BMI_12647_52_proximal_Female	0.222515210653219	0.19325426273493	0.029260947918289	13.1500888556742
BMI_12661_44_colon_Female	0.174372139235744	0.137467195812372	0.036904943423372	21.1644724811674
BMI_12661_44_overall_Female	0.123365619269516	0.0819628362850618	0.0414027829844542	33.5610385045787
BMI_12661_44_proximal_Sex-combined	0.203892850660761	0.21673867044473	-0.012845819783969	-6.30027965293497
BMI_12664_19_distal_Male	0.208735777569677	0.200326926720858	0.00840885084881901	4.02846648845912
BMI_12664_19_proximal_Female	0.222515210653219	0.183486576473129	0.03902863418009	17.5397601204506
BMI_12705_9_distal_Female	0.123174149031173	0.097326847047905	0.025847301983268	20.9843560410769
BMI_12705_9_rectal_Female	0.0706371037472393	0.00535858211001467	0.0652785216372246	92.4139272057511
BMI_12712_9_proximal_Female	0.222515210653219	0.198615891298268	0.023899319354951	10.7405328762882
BMI_12721_4_distal_Male	0.208735777569677	0.217726068533616	-0.008990290963939	-4.30701965356082
BMI_12735_39_proximal_Female	0.222515210653219	0.196179630149239	0.02633558050398	11.8354068590048
BMI_12743_18_colon_Female	0.174372139235744	0.161368858526334	0.01300328070941	7.45720088450029
BMI_12743_18_colon_Sex-combined	0.190393396869719	0.186325828209678	0.00406756866004102	2.1364021688338
BMI_12743_18_proximal_Female	0.222515210653219	0.190949574166865	0.031565636486354	14.1858331363907
BMI_12743_18_proximal_Sex-combined	0.203892850660761	0.204305278863079	-0.000412428202318016	-0.202276931722446
BMI_12750_9_proximal_Female	0.222515210653219	0.199190512285354	0.023324698367865	10.4822939067368
BMI_12795_2_proximal_Female	0.222515210653219	0.18757642952788	0.034938781125339	15.7017495670396
BMI_12798_46_proximal_Female	0.222515210653219	0.205249913905389	0.01726529674783	7.75915349658378
BMI_12801_33_distal_Female	0.123174149031173	0.100133438765616	0.023040710265557	18.7058002403782
BMI_12801_33_rectal_Female	0.0706371037472393	0.00565965150084567	0.0649774522463936	91.9877073087572
BMI_12807_89_overall_Male	0.216163911399654	0.220831143491516	-0.00466723209186201	-2.15911715403457
BMI_12820_1_proximal_Female	0.222515210653219	0.19748960305256	0.025025607600659	11.2466952381338
BMI_12842_43_proximal_Sex-combined	0.203892850660761	0.205139008221301	-0.00124615756054	-0.611182567952503
BMI_12867_40_rectal_Female	0.0706371037472393	-0.00463252407697783	0.0752696278242171	106.558202178779
BMI_12892_10_overall_Sex-combined	0.150258166028166	0.144883494942107	0.00537467108605899	3.57695773090396
BMI_13085_18_distal_Male	0.208735777569677	0.217181805520449	-0.00844602795077198	-4.04627709207764
BMI_13130_150_overall_Sex-combined	0.150258166028166	0.145683905280762	0.004574260747404	3.04426765500821
BMI_13130_150_proximal_Male	0.238945525423205	0.254579601416561	-0.015634075993356	-6.54294570516269
BMI_13412_5_overall_Female	0.123365619269516	0.089856257203328	0.033509362066188	27.1626424482013
BMI_13430_50_distal_Male	0.208735777569677	0.212847821422866	-0.004112043853189	-1.96997558399704
BMI_13436_54_rectal_Sex-combined	0.0970115735901656	0.0824748211725212	0.0145367524176444	14.9845548110128
BMI_13468_5_proximal_Sex-combined	0.203892850660761	0.211005072870056	-0.007112222209295	-3.48821559277151
BMI_13481_24_proximal_Sex-combined	0.203892850660761	0.208347929959765	-0.00445507929900402	-2.18501006021855
BMI_13481_24_rectal_Female	0.0706371037472393	0.0113379412331885	0.0592991625140508	83.9490287232627
BMI_13492_44_proximal_Sex-combined	0.203892850660761	0.229191028118883	-0.025298177458122	-12.4075843641096
BMI_13509_5_overall_Sex-combined	0.150258166028166	0.147572736761137	0.002685429267029	1.78721019829672
BMI_13532_25_proximal_Female	0.222515210653219	0.202958017277485	0.019557193375734	8.78914898371289
BMI_13535_2_distal_Female	0.123174149031173	0.102240257682567	0.020933891348606	16.9953610504003
BMI_13561_5_overall_Female	0.123365619269516	0.0775989031746556	0.0457667160948604	37.0984366356352
BMI_13561_5_overall_Sex-combined	0.150258166028166	0.141093917823316	0.00916424820484998	6.09900176948262
BMI_13563_259_proximal_Female	0.222515210653219	0.212730544121227	0.009784666531992	4.39730232520644
BMI_13587_10_rectal_Sex-combined	0.0970115735901656	0.0640891700068836	0.032922403583282	33.9365730962841
BMI_13947_371_colon_Female	0.174372139235744	0.161269951070708	0.013102188165036	7.51392293657783
BMI_13947_371_overall_Female	0.123365619269516	0.0984195204421833	0.0249460988273327	20.2212731351294
BMI_13950_9_distal_Sex-combined	0.165096503572389	0.159206155225579	0.00589034834681001	3.56782137680299
BMI_13992_12_colon_Sex-combined	0.190393396869719	0.187820140546143	0.00257325632357602	1.35154704201051
BMI_14192_31_rectal_Female	0.0706371037472393	0.00645818602413801	0.0641789177231013	90.8572326984876
BMI_14227_21_rectal_Female	0.0706371037472393	-0.0152815952858342	0.0859186990330735	121.633949404999
BMI_15310_61_distal_Male	0.208735777569677	0.216562471906335	-0.007826694336658	-3.74957011576294
BMI_15321_8_colon_Male	0.257736559506456	0.304750032340813	-0.047013472834357	-18.2409018434885
BMI_15321_8_distal_Sex-combined	0.165096503572389	0.162395306736641	0.00270119683574802	1.63613206657865
BMI_15331_47_colon_Female	0.174372139235744	0.151093461990145	0.023278677245599	13.3499980831956
BMI_15331_47_distal_Female	0.123174149031173	0.0858321583368906	0.0373419906942824	30.3164186543979
BMI_15331_47_proximal_Female	0.222515210653219	0.198186508553844	0.024328702099375	10.9335006932584
BMI_15372_43_proximal_Female	0.222515210653219	0.208712832148385	0.013802378504834	6.20289213681865
BMI_15381_45_distal_Male	0.208735777569677	0.181366594679397	0.02736918289028	13.1118791464219
BMI_15381_45_proximal_Female	0.222515210653219	0.213778694340027	0.008736516313192	3.92625577709719
BMI_15405_23_rectal_Female	0.0706371037472393	-0.001504157983758	0.0721412617309973	102.129416275532
BMI_15460_9_colon_Male	0.257736559506456	0.272890879330196	-0.01515431982374	-5.87977113249251
BMI_15567_2_proximal_Female	0.222515210653219	0.193853762029795	0.028661448623424	12.8806693885263
BMI_15666_21_proximal_Female	0.222515210653219	0.194062710455209	0.02845250019801	12.7867664032874
BMI_15692_300_proximal_Female	0.222515210653219	0.194681252433696	0.027833958219523	12.5087890116874
BMI_16293_1_rectal_Female	0.0706371037472393	0.00429205390690641	0.0663450498403329	93.9237968727248
BMI_16536_3_proximal_Sex-combined	0.203892850660761	0.210365551099958	-0.00647270043919701	-3.17455978383781
BMI_16836_1_distal_Male	0.208735777569677	0.217136246086687	-0.00840046851700998	-4.02445072656788
BMI_16932_5_proximal_Female	0.222515210653219	0.216818091692696	0.005697118960523	2.56032787322649
BMI_16932_5_rectal_Female	0.0706371037472393	0.0290177144210336	0.0416193893262057	58.9200110399944
BMI_17204_17_proximal_Female	0.222515210653219	0.19127383508015	0.031241375573069	14.0401078566074
BMI_17329_2_distal_Sex-combined	0.165096503572389	0.162688725673385	0.00240777789900401	1.45840635440731
BMI_17474_106_proximal_Female	0.222515210653219	0.212609488323232	0.00990572232998699	4.45170570627851
BMI_17509_6_rectal_Female	0.0706371037472393	0.0181136704031057	0.0525234333441336	74.3567198509132
BMI_17706_4_proximal_Sex-combined	0.203892850660761	0.209299517132722	-0.005406666471961	-2.65171949601934
BMI_17785_11_overall_Female	0.123365619269516	0.0863949360355093	0.0369706832340067	29.9683845895809
BMI_17797_1_proximal_Female	0.222515210653219	0.207557751706744	0.014957458946475	6.72199392687163
BMI_17797_1_rectal_Female	0.0706371037472393	0.0141187840818036	0.0565183196654357	80.0122268145013
BMI_17805_35_distal_Female	0.123174149031173	0.0792191463672085	0.0439550026639645	35.685249713266
BMI_17805_35_distal_Sex-combined	0.165096503572389	0.166987803431987	-0.00189129985959799	-1.14557232810731
BMI_17850_42_proximal_Female	0.222515210653219	0.197472174866451	0.025043035786768	11.2545275953277
BMI_17850_42_rectal_Female	0.0706371037472393	0.0227867613075314	0.0478503424397079	67.7410877588225
BMI_18170_46_rectal_Female	0.0706371037472393	-0.00759336879022526	0.0782304725374646	110.749830312121
BMI_18177_49_rectal_Female	0.0706371037472393	0.0057544953414862	0.0648826084057531	91.8534381561318
BMI_18267_74_overall_Sex-combined	0.150258166028166	0.139408441055023	0.010849724973143	7.22072234736926
BMI_18339_207_proximal_Sex-combined	0.203892850660761	0.196678562717688	0.00721428794307299	3.53827410803932
BMI_18348_89_distal_Female	0.123174149031173	0.0942495816285212	0.0289245674026518	23.4826606314378
BMI_18382_109_distal_Sex-combined	0.165096503572389	0.149575490624522	0.015521012947867	9.40117604674868
BMI_18387_7_colon_Sex-combined	0.190393396869719	0.183484679488762	0.00690871738095702	3.62865387904417
BMI_18387_7_proximal_Sex-combined	0.203892850660761	0.207609336849869	-0.003716486189108	-1.82276434757957
BMI_18389_11_proximal_Female	0.222515210653219	0.212757264154329	0.00975794649889	4.38529414247432
BMI_18398_1_distal_Female	0.123174149031173	0.0958269230631803	0.0273472259679927	22.2020823225429
BMI_18398_1_distal_Sex-combined	0.165096503572389	0.142197267254942	0.022899236317447	13.8702127676535
BMI_18876_77_proximal_Female	0.222515210653219	0.171744738628174	0.050770472025045	22.8166298726287
BMI_18878_15_colon_Female	0.174372139235744	0.147274089059669	0.027098050176075	15.5403554116174
BMI_18878_15_colon_Sex-combined	0.190393396869719	0.174192390412967	0.016201006456752	8.50922706517911
BMI_18878_15_distal_Female	0.123174149031173	0.0982167635773375	0.0249573854538355	20.2618695969389
BMI_18878_15_distal_Sex-combined	0.165096503572389	0.154131896981081	0.010964606591308	6.6413317993136
BMI_18878_15_overall_Female	0.123365619269516	0.0828217741119368	0.0405438451575792	32.8647846925677
BMI_18878_15_overall_Sex-combined	0.150258166028166	0.129283883280909	0.020974282747257	13.9588305259398
BMI_18878_15_proximal_Female	0.222515210653219	0.192606506155239	0.02990870449798	13.4411955075698
BMI_18878_15_proximal_Sex-combined	0.203892850660761	0.187776149495142	0.016116701165619	7.90449548053754
BMI_18878_15_rectal_Female	0.0706371037472393	-0.00494078131668014	0.0755778850639195	106.994597816977
BMI_18878_15_rectal_Sex-combined	0.0970115735901656	0.0546357438389576	0.042375829751208	43.6812105844491
BMI_18904_23_proximal_Female	0.222515210653219	0.198120767983234	0.024394442669985	10.9630449974059
BMI_18904_23_rectal_Female	0.0706371037472393	0.00161531001774173	0.0690217937294976	97.7132272813424
BMI_18913_3_overall_Female	0.123365619269516	0.0983982785878375	0.0249673406816785	20.2384917528218
BMI_18913_3_proximal_Female	0.222515210653219	0.206531756969215	0.015983453684004	7.18308363598279
BMI_19123_6_colon_Sex-combined	0.190393396869719	0.189927782138416	0.000465614731303021	0.244554033363683
BMI_19123_6_rectal_Female	0.0706371037472393	-0.00791524613279412	0.0785523498800334	111.205507747199
BMI_19166_15_proximal_Female	0.222515210653219	0.195730897889101	0.026784312764118	12.0370704930641
BMI_19170_25_rectal_Female	0.0706371037472393	0.00999509495940095	0.0606420087878384	85.8500781753929
BMI_19176_27_distal_Female	0.123174149031173	0.0810102068466259	0.0421639421845471	34.2311617463468
BMI_19190_4_overall_Female	0.123365619269516	0.0881837684998248	0.0351818507696912	28.5183594732578
BMI_19190_4_proximal_Female	0.222515210653219	0.214751859976917	0.00776335067630199	3.48890786095556
BMI_19195_85_proximal_Female	0.222515210653219	0.193864207255012	0.028651003398207	12.8759752261873
BMI_19215_7_proximal_Female	0.222515210653219	0.221791283837351	0.000723926815867998	0.325338125759056
BMI_19225_11_proximal_Female	0.222515210653219	0.199660260134728	0.022854950518491	10.2711857096859
BMI_19242_21_distal_Male	0.208735777569677	0.201127603596944	0.007608173972733	3.64488256939726
BMI_19243_2_proximal_Female	0.222515210653219	0.201853249707916	0.020661960945303	9.28563979273482
BMI_19260_4_colon_Male	0.257736559506456	0.26026867870755	-0.00253211920109397	-0.982444712516832
BMI_19260_4_overall_Sex-combined	0.150258166028166	0.150382045093237	-0.000123879065070998	-0.0824441481921031
BMI_19260_4_proximal_Male	0.238945525423205	0.253912810540645	-0.01496728511744	-6.26389010253736
BMI_19260_4_proximal_Sex-combined	0.203892850660761	0.202448782791218	0.00144406786954299	0.708248408349365
BMI_19280_29_colon_Male	0.257736559506456	0.271676237910993	-0.013939678404537	-5.40849867447222
BMI_19280_29_colon_Sex-combined	0.190393396869719	0.176896283902734	0.013497112966985	7.08906568656933
BMI_19280_29_overall_Female	0.123365619269516	0.0865150582671279	0.0368505610023881	29.8710136751155
BMI_19280_29_proximal_Male	0.238945525423205	0.266007185945304	-0.027061660522099	-11.3254518887387
BMI_19311_15_proximal_Female	0.222515210653219	0.188200168867514	0.034315041785705	15.4214364424658
BMI_19376_74_colon_Female	0.174372139235744	0.170175508691134	0.00419663054461	2.40670933040302
BMI_19376_74_overall_Female	0.123365619269516	0.0996998347932492	0.0236657844762668	19.1834520966205
BMI_19376_74_proximal_Female	0.222515210653219	0.214680871282537	0.00783433937068201	3.52081071117943
BMI_19376_74_proximal_Sex-combined	0.203892850660761	0.215828049027177	-0.011935198366416	-5.85366202284058
BMI_19376_74_rectal_Female	0.0706371037472393	0.0155007355490431	0.0551363681981962	78.055816664696
BMI_19467_3_proximal_Female	0.222515210653219	0.201419316745702	0.021095893907517	9.48065251161374
BMI_19467_3_rectal_Female	0.0706371037472393	0.0153560542863234	0.0552810494609159	78.2606399870641
BMI_2447_7_proximal_Female	0.222515210653219	0.202823537422648	0.019691673230571	8.8495852363368
BMI_2597_8_distal_Male	0.208735777569677	0.218517822960637	-0.00978204539095998	-4.68632905429673
BMI_2597_8_distal_Sex-combined	0.165096503572389	0.161403728152163	0.003692775420226	2.23673750825792
BMI_2614_28_proximal_Female	0.222515210653219	0.238121033140109	-0.01560582248689	-7.01337335145643
BMI_2618_10_proximal_Female	0.222515210653219	0.181259756799698	0.041255453853521	18.5405095374877
BMI_2683_1_rectal_Sex-combined	0.0970115735901656	0.0823155049696268	0.0146960686205388	15.1487787247156
BMI_2731_29_rectal_Sex-combined	0.0970115735901656	0.068293776832265	0.0287177967579006	29.6024440127336
BMI_2732_58_proximal_Female	0.222515210653219	0.203020726163637	0.019494484489582	8.76096714123663
BMI_2760_2_distal_Male	0.208735777569677	0.21710320013241	-0.00836742256273298	-4.00861925068878
BMI_2878_66_colon_Male	0.257736559506456	0.271441966751879	-0.013705407245423	-5.31760308730266
BMI_2982_82_distal_Male	0.208735777569677	0.203786330546831	0.004949447022846	2.37115413585189
BMI_3005_5_distal_Sex-combined	0.165096503572389	0.161735266160009	0.00336123741238001	2.03592283279714
BMI_3005_5_proximal_Sex-combined	0.203892850660761	0.20254595976001	0.00134689090075099	0.660587605885192
BMI_3078_1_distal_Male	0.208735777569677	0.208362281681501	0.000373495888176006	0.17893237686641
BMI_3202_28_proximal_Female	0.222515210653219	0.206488169538206	0.016027041115013	7.20267215349628
BMI_3202_28_rectal_Female	0.0706371037472393	0.0170376879064273	0.053599415840812	75.8799738344408
BMI_3432_21_proximal_Female	0.222515210653219	0.178593232107035	0.043921978546184	19.7388656790005
BMI_3447_64_proximal_Female	0.222515210653219	0.21645769919972	0.006057511453499	2.72229095517402
BMI_3461_58_distal_Female	0.123174149031173	0.0994664907770886	0.0237076582540844	19.2472677429129
BMI_3627_71_proximal_Female	0.222515210653219	0.201621035845999	0.02089417480722	9.38999843915512
BMI_3864_5_proximal_Female	0.222515210653219	0.191300512760279	0.03121469789294	14.0281187076181
BMI_3889_64_proximal_Female	0.222515210653219	0.190435765763892	0.032079444889327	14.4167424757859
BMI_4122_12_proximal_Female	0.222515210653219	0.198602267842916	0.023912942810303	10.7466553590219
BMI_4163_5_overall_Female	0.123365619269516	0.111173940362638	0.012191678906878	9.88255802473048
BMI_4261_55_overall_Female	0.123365619269516	0.0910378639208333	0.0323277553486827	26.2048336806517
BMI_4261_55_proximal_Male	0.238945525423205	0.266045289519523	-0.027099764096318	-11.3413984414735
BMI_4261_55_rectal_Female	0.0706371037472393	-0.0113506744128161	0.0819877781600554	116.068997468288
BMI_4374_45_overall_Male	0.216163911399654	0.21194382182125	0.004220089578404	1.95226370168779
BMI_4560_34_distal_Female	0.123174149031173	0.0663890888270735	0.0567850602040995	46.1014430793659
BMI_4708_3_proximal_Female	0.222515210653219	0.213973724280363	0.00854148637285601	3.83860786315753
BMI_4717_55_proximal_Female	0.222515210653219	0.19722300854446	0.025292202108759	11.3665048041034
BMI_4763_31_rectal_Male	0.117617347606037	0.0967510951787734	0.0208662524272636	17.7407949184127
BMI_4931_59_colon_Male	0.257736559506456	0.236776635399905	0.020959924106551	8.13230538449319
BMI_4931_59_distal_Male	0.208735777569677	0.191316177108176	0.017419600461501	8.34528736008673
BMI_4960_72_proximal_Sex-combined	0.203892850660761	0.201662736054527	0.00223011460623398	1.0937679271278
BMI_4995_16_rectal_Female	0.0706371037472393	-0.00596226740069747	0.0765993711479368	108.440701960307
BMI_5006_71_distal_Male	0.208735777569677	0.197288489537481	0.011447288032196	5.48410443359422
BMI_5006_71_rectal_Female	0.0706371037472393	-0.00469189434699301	0.0753289980942323	106.642251873438
BMI_5031_10_proximal_Female	0.222515210653219	0.203473407594885	0.019041803058334	8.55752872014214
BMI_5035_7_proximal_Female	0.222515210653219	0.195912218505433	0.026602992147786	11.9555836518725
BMI_5098_79_proximal_Female	0.222515210653219	0.201998531819337	0.020516678833882	9.22034892520513
BMI_5339_49_overall_Sex-combined	0.150258166028166	0.143629353075141	0.006628812953025	4.41161577320359
BMI_5339_49_rectal_Female	0.0706371037472393	0.0485089594747131	0.0221281442725262	31.3265169417298
BMI_5339_49_rectal_Male	0.117617347606037	0.109480461026464	0.008136886579573	6.91810072679734
BMI_5339_49_rectal_Sex-combined	0.0970115735901656	0.0734873306062528	0.0235242429839128	24.2489036239049
BMI_5352_11_proximal_Female	0.222515210653219	0.194764060096907	0.027751150556312	12.4715746284694
BMI_5355_69_rectal_Female	0.0706371037472393	0.0280882950341184	0.0425488087131209	60.2357775955442
BMI_5484_63_distal_Sex-combined	0.165096503572389	0.16157540048504	0.00352110308734901	2.13275448671457
BMI_5484_63_proximal_Female	0.222515210653219	0.187856449752168	0.034658760901051	15.5759063837956
BMI_5490_53_colon_Female	0.174372139235744	0.153295762732381	0.021076376503363	12.0870091952411
BMI_5490_53_colon_Sex-combined	0.190393396869719	0.18565398158045	0.00473941528926902	2.48927503116722
BMI_5490_53_overall_Female	0.123365619269516	0.0813471121575653	0.0420185071119507	34.0601436289581
BMI_5490_53_proximal_Female	0.222515210653219	0.190025349592022	0.032489861061197	14.6011865731872
BMI_5526_53_distal_Male	0.208735777569677	0.216204456545892	-0.00746867897621498	-3.57805406584978
BMI_5590_11_overall_Sex-combined	0.150258166028166	0.144503272104327	0.00575489392383899	3.83000410291194
BMI_5599_88_colon_Female	0.174372139235744	0.150456863549236	0.023915275686508	13.7150784473519
BMI_5599_88_distal_Male	0.208735777569677	0.20119410664592	0.00754167092375702	3.61302265072387
BMI_5599_88_overall_Female	0.123365619269516	0.0758088485964793	0.0475567706730367	38.5494523957601
BMI_5599_88_overall_Sex-combined	0.150258166028166	0.151489434864009	-0.00123126883584301	-0.819435554412538
BMI_5610_32_proximal_Female	0.222515210653219	0.188827774388447	0.033687436264772	15.1393858270986
BMI_5611_56_proximal_Female	0.222515210653219	0.179624704698018	0.042890505955201	19.2753141815748
BMI_5615_62_proximal_Female	0.222515210653219	0.204227598474567	0.018287612178652	8.21858969774093
BMI_5657_28_colon_Female	0.174372139235744	0.159173259768367	0.015198879467377	8.71634627756028
BMI_5657_28_proximal_Female	0.222515210653219	0.193217272442217	0.029297938211002	13.1667125698933
BMI_5679_16_proximal_Female	0.222515210653219	0.192279983772599	0.03023522688062	13.5879371085963
BMI_5756_66_distal_Male	0.208735777569677	0.217512069414495	-0.00877629184481798	-4.20449812054305
BMI_5764_4_proximal_Female	0.222515210653219	0.217970412035222	0.004544798617997	2.04246649236033
BMI_5822_22_proximal_Female	0.222515210653219	0.195915888665206	0.026599321988013	11.9539342546191
BMI_5822_22_proximal_Male	0.238945525423205	0.270543602054339	-0.031598076631134	-13.2239666656948
BMI_5822_22_proximal_Sex-combined	0.203892850660761	0.209163103081645	-0.00527025242088403	-2.58481472195056
BMI_5879_51_proximal_Female	0.222515210653219	0.200265899216792	0.022249311436427	9.99900697624741
BMI_6240_70_proximal_Female	0.222515210653219	0.187556653060296	0.034958557592923	15.7106372594926
BMI_6276_16_proximal_Sex-combined	0.203892850660761	0.199449645412319	0.00444320524844199	2.17918638836172
BMI_6315_58_proximal_Male	0.238945525423205	0.264552075555737	-0.025606550132532	-10.7164802886262
BMI_6407_63_proximal_Female	0.222515210653219	0.201400434339544	0.021114776313675	9.48913840617464
BMI_6411_58_overall_Female	0.123365619269516	0.10523647049486	0.018129148774656	14.6954628704529
BMI_6411_58_rectal_Female	0.0706371037472393	0.0131592051987482	0.0574778985484911	81.3706897640711
BMI_6430_36_rectal_Female	0.0706371037472393	0.0155247904027656	0.0551123133444737	78.0217625310376
BMI_6441_62_overall_Sex-combined	0.150258166028166	0.146027749355477	0.004230416672689	2.81543212226882
BMI_6441_62_proximal_Sex-combined	0.203892850660761	0.210442788217378	-0.00654993755661701	-3.21244101271352
BMI_6454_38_distal_Male	0.208735777569677	0.213983695097136	-0.00524791752745898	-2.51414376038492
BMI_6493_9_proximal_Female	0.222515210653219	0.193600752405073	0.028914458248146	12.9943738062959
BMI_6494_60_rectal_Female	0.0706371037472393	0.0107724278834388	0.0598646758638005	84.749618384715
BMI_6497_10_proximal_Female	0.222515210653219	0.207041558231996	0.015473652421223	6.9539751353619
BMI_6520_87_overall_Sex-combined	0.150258166028166	0.136839639699852	0.013418526328314	8.93031419390457
BMI_6578_29_colon_Male	0.257736559506456	0.27559857412287	-0.017862014616414	-6.93033795850237
BMI_6966_144_distal_Male	0.208735777569677	0.210442869358369	-0.00170709178869199	-0.81782424104184
BMI_7006_4_proximal_Female	0.222515210653219	0.214799962672651	0.007715247980568	3.46729014970213
BMI_7060_2_proximal_Male	0.238945525423205	0.27322483275769	-0.034279307334485	-14.3460762756581
BMI_7060_2_rectal_Female	0.0706371037472393	0.00102587591022471	0.0696112278370146	98.5476812386085
BMI_7069_9_colon_Male	0.257736559506456	0.268704970336212	-0.010968410829756	-4.25566743451513
BMI_7069_9_proximal_Sex-combined	0.203892850660761	0.206569645090068	-0.00267679442930702	-1.31284369247487
BMI_7071_23_overall_Female	0.123365619269516	0.0834306512562371	0.0399349680132789	32.3712297232775
BMI_7071_23_rectal_Female	0.0706371037472393	-0.0219734934873496	0.0926105972345889	131.107579900186
BMI_7090_17_colon_Male	0.257736559506456	0.246034946002205	0.011701613504251	4.540144994043
BMI_7090_17_proximal_Male	0.238945525423205	0.232458202232039	0.00648732319116599	2.71497998536531
BMI_7090_17_proximal_Sex-combined	0.203892850660761	0.214921553537528	-0.011028702876767	-5.40906796929172
BMI_7132_55_overall_Female	0.123365619269516	0.0959059671568241	0.0274596521126919	22.2587559445561
BMI_7132_55_proximal_Male	0.238945525423205	0.272598745142869	-0.033653219719664	-14.0840552088429
BMI_7132_55_rectal_Female	0.0706371037472393	-0.0018273948503333	0.0724644985975726	102.587018370504
BMI_7147_35_distal_Sex-combined	0.165096503572389	0.165182358208715	-8.58546363259882e-05	-0.0520026980997474
BMI_7231_37_distal_Male	0.208735777569677	0.217139665675559	-0.008403888105882	-4.02608896458909
BMI_7246_4_proximal_Female	0.222515210653219	0.201598318177946	0.020916892475273	9.400207929098
BMI_7246_4_rectal_Female	0.0706371037472393	0.0214619896493784	0.0491751140978609	69.6165492201155
BMI_7785_1_proximal_Sex-combined	0.203892850660761	0.206130145689953	-0.00223729502919201	-1.09728959202912
BMI_7815_49_proximal_Female	0.222515210653219	0.190428589345607	0.032086621307612	14.4199676118401
BMI_7886_26_colon_Female	0.174372139235744	0.164808247698925	0.009563891536819	5.48475896363754
BMI_7886_26_colon_Sex-combined	0.190393396869719	0.186005787882757	0.004387608986962	2.30449640538969
BMI_7886_26_overall_Male	0.216163911399654	0.223549199562136	-0.00738528816248202	-3.41652226528588
BMI_7886_26_overall_Sex-combined	0.150258166028166	0.14035577062085	0.00990239540731599	6.59025440617968
BMI_7932_23_proximal_Female	0.222515210653219	0.207188212803001	0.015326997850218	6.88806747422966
BMI_7960_53_proximal_Female	0.222515210653219	0.205783666897322	0.016731543755897	7.5192809097318
BMI_7995_16_overall_Female	0.123365619269516	0.0837696317445902	0.0395959875249258	32.096452609232
BMI_7995_16_rectal_Female	0.0706371037472393	0.00217320421905138	0.0684638995281879	96.9234239461066
BMI_8040_9_distal_Female	0.123174149031173	0.102208427892668	0.020965721138505	17.0212023410846
BMI_8089_173_proximal_Female	0.222515210653219	0.211431080309009	0.01108413034421	4.98129108193155
BMI_8089_173_rectal_Female	0.0706371037472393	0.0182071827899216	0.0524299209573177	74.2243356196025
BMI_8321_27_proximal_Female	0.222515210653219	0.189478346605098	0.033036864048121	14.8470138068932
BMI_8357_43_distal_Female	0.123174149031173	0.112914525867964	0.010259623163209	8.32936394844709
BMI_8357_43_overall_Female	0.123365619269516	0.0796878445277402	0.0436777747417758	35.405143670015
BMI_8357_43_proximal_Female	0.222515210653219	0.183109323830993	0.039405886822226	17.7093002795384
BMI_8372_29_proximal_Sex-combined	0.203892850660761	0.20844044834458	-0.00454759768381902	-2.23038604300322
BMI_8372_29_rectal_Female	0.0706371037472393	0.00941418397910779	0.0612229197681315	86.6724660558075
BMI_8402_22_overall_Male	0.216163911399654	0.227779013244161	-0.011615101844507	-5.37328445312616
BMI_8402_22_overall_Sex-combined	0.150258166028166	0.139694654530177	0.010563511497989	7.03024120233763
BMI_8520_8_proximal_Female	0.222515210653219	0.198571991369238	0.023943219283981	10.7602618327497
BMI_8589_13_distal_Sex-combined	0.165096503572389	0.157188070386313	0.00790843318607601	4.79018817173705
BMI_8748_45_rectal_Female	0.0706371037472393	0.00236712793480347	0.0682699758124358	96.6488887436923
BMI_8749_194_proximal_Female	0.222515210653219	0.221156478757368	0.00135873189585101	0.610624276813388
BMI_8749_194_rectal_Female	0.0706371037472393	0.0176966182000393	0.0529404855472	74.9471350589867
BMI_8758_2_colon_Female	0.174372139235744	0.173544940545295	0.000827198690448977	0.474386960023836
BMI_8758_2_proximal_Sex-combined	0.203892850660761	0.217335735332845	-0.013442884672084	-6.59311232763645
BMI_8838_10_colon_Sex-combined	0.190393396869719	0.192654472498263	-0.002261075628544	-1.1875809065433
BMI_8838_10_overall_Sex-combined	0.150258166028166	0.146016520739521	0.00424164528864499	2.82290500461046
BMI_8838_10_rectal_Sex-combined	0.0970115735901656	0.0703333809997511	0.0266781925904145	27.5000101566428
BMI_8850_5_rectal_Female	0.0706371037472393	0.00279211675871958	0.0678449869885197	96.0472377679716
BMI_8858_21_proximal_Female	0.222515210653219	0.204089758492488	0.018425452160731	8.28053601667992
BMI_8894_80_proximal_Female	0.222515210653219	0.193042093229265	0.029473117423954	13.2454394184704
BMI_8932_1_overall_Female	0.123365619269516	0.0953345398168558	0.0280310794526602	22.7219541543588
BMI_8932_1_proximal_Female	0.222515210653219	0.211696831430942	0.010818379222277	4.8618605400136
BMI_9012_1_colon_Male	0.257736559506456	0.261525637853825	-0.00378907834736897	-1.47013615554764
BMI_9255_5_proximal_Female	0.222515210653219	0.209693271758466	0.012821938894753	5.76227524271834
BMI_9287_6_proximal_Female	0.222515210653219	0.207148906234944	0.015366304418275	6.90573213991324
BMI_9302_90_rectal_Female	0.0706371037472393	0.00653361284938033	0.064103490897859	90.7504519540332
BMI_9402_18_rectal_Female	0.0706371037472393	0.0190290665344629	0.0516080372127764	73.0608058300994
BMI_9543_131_proximal_Female	0.222515210653219	0.207795592906705	0.014719617746514	6.61510631264392
BMI_9582_93_proximal_Female	0.222515210653219	0.197472704444863	0.025042506208356	11.2542895988282
BMI_9585_80_proximal_Female	0.222515210653219	0.207786864801467	0.014728345851752	6.61902878842091
BMI_9829_91_rectal_Male	0.117617347606037	0.140365020019135	-0.022747672413098	-19.3404058806802
BMI_9834_62_overall_Sex-combined	0.150258166028166	0.142941393241818	0.00731677278634799	4.86946765008196
BMI_9848_22_distal_Female	0.123174149031173	0.0836951754014057	0.0394789736297673	32.0513467641461
BMI_9849_13_colon_Female	0.174372139235744	0.14683299643739	0.027539142798354	15.7933159041664
BMI_9926_4_rectal_Female	0.0706371037472393	-0.0263483271129451	0.0969854308601844	137.30097316451
BMI_9971_5_distal_Female	0.123174149031173	0.132142207319011	-0.00896805828783799	-7.28079581501176
WHR_11126_102_colon_Sex-combined	0.201277612874062	0.17606118955902	0.025216423315042	12.5281808319238
WHR_11146_4_proximal_Female	0.161334376518476	0.192574256672005	-0.031239880153529	-19.3634368741936
WHR_11149_3_rectal_Female	0.0909515831727198	0.0771718950478126	0.0137796881249072	15.1505753327451
WHR_11284_24_proximal_Female	0.161334376518476	0.190883163022951	-0.029548786504475	-18.3152451090243
WHR_11573_3_proximal_Sex-combined	0.194562647884421	0.187378110550871	0.00718453733355001	3.69266013372616
WHR_11593_21_proximal_Female	0.161334376518476	0.192977862405252	-0.031643485886776	-19.6136040995281
WHR_12513_8_proximal_Female	0.161334376518476	0.193049777806816	-0.03171540128834	-19.6581794734292
WHR_12513_8_rectal_Female	0.0909515831727198	0.0747172366588598	0.01623434651386	17.849438071936
WHR_12743_18_colon_Female	0.159632072762089	0.171506222222179	-0.01187414946009	-7.43844846128567
WHR_12743_18_colon_Sex-combined	0.201277612874062	0.175917010531614	0.025360602342448	12.599812756283
WHR_12743_18_proximal_Female	0.161334376518476	0.188693498856472	-0.027359122337996	-16.9580240295922
WHR_12743_18_proximal_Sex-combined	0.194562647884421	0.187232690577867	0.007329957306554	3.76740211251048
WHR_12795_2_proximal_Female	0.161334376518476	0.185768842019408	-0.024434465500932	-15.1452319265223
WHR_12842_43_proximal_Sex-combined	0.194562647884421	0.185167292227787	0.00939535565663402	4.82896165260625
WHR_12892_10_overall_Sex-combined	0.191379768301878	0.167388686635098	0.02399108166678	12.5358505131729
WHR_13468_5_proximal_Sex-combined	0.194562647884421	0.205230960784338	-0.010668312899917	-5.48322764719693
WHR_13481_24_proximal_Sex-combined	0.194562647884421	0.190671065684347	0.00389158220007402	2.00016922178495
WHR_13509_5_overall_Sex-combined	0.191379768301878	0.174624336953761	0.016755431348117	8.75506930371415
WHR_13561_5_overall_Female	0.132243822402966	0.140678456498475	-0.00843463409550899	-6.37809308763584
WHR_13561_5_overall_Sex-combined	0.191379768301878	0.168237487047384	0.023142281254494	12.0923342419298
WHR_15405_23_rectal_Female	0.0909515831727198	0.0730844547270685	0.0178671284456513	19.6446590838568
WHR_17329_2_distal_Sex-combined	0.181832530758316	0.128388187136911	0.053444343621405	29.3920693940299
WHR_17419_17_proximal_Female	0.161334376518476	0.178513093317727	-0.017178716799251	-10.6478961086658
WHR_17509_6_rectal_Female	0.0909515831727198	0.0613685185994731	0.0295830645732467	32.5261678150974
WHR_17722_5_proximal_Female	0.161334376518476	0.198495987666192	-0.037161611147716	-23.033907558728
WHR_17785_11_overall_Female	0.132243822402966	0.136097885306288	-0.00385406290332199	-2.91436139192809
WHR_18267_74_overall_Sex-combined	0.191379768301878	0.16414407386033	0.027235694441548	14.2312297079318
WHR_18339_207_proximal_Sex-combined	0.194562647884421	0.186026736413593	0.00853591147082802	4.38723031560443
WHR_18398_1_distal_Sex-combined	0.181832530758316	0.0763494259386581	0.105483104819658	58.0111294605812
WHR_19123_6_colon_Sex-combined	0.201277612874062	0.180883221563249	0.020394391310813	10.1324687925297
WHR_19123_6_rectal_Female	0.0909515831727198	0.0693653565670396	0.0215862266056802	23.7337557551772
WHR_19190_4_overall_Female	0.132243822402966	0.119047537145216	0.01319628525775	9.97875365212828
WHR_19190_4_proximal_Female	0.161334376518476	0.192221787491448	-0.030887410972972	-19.144965654257
WHR_19280_29_colon_Sex-combined	0.201277612874062	0.17197265141304	0.029304961461022	14.5594738742047
WHR_19280_29_overall_Female	0.132243822402966	0.130841456440718	0.00140236596224799	1.06043967632362
WHR_19467_3_proximal_Female	0.161334376518476	0.189394889591727	-0.028060513073251	-17.3927675420356
WHR_19467_3_rectal_Female	0.0909515831727198	0.0802735051379273	0.0106780780347925	11.7403982012215
WHR_2731_29_rectal_Sex-combined	0.222226002509566	0.196102918264124	0.026123084245442	11.755187939502
WHR_4717_55_proximal_Female	0.161334376518476	0.188718147669049	-0.027383771150573	-16.9733021204176
WHR_4995_16_rectal_Female	0.0909515831727198	0.070251195430147	0.0207003877425728	22.7597882526818
WHR_5339_49_overall_Sex-combined	0.191379768301878	0.159473905105271	0.031905863196607	16.6714922270568
WHR_5339_49_rectal_Female	0.0909515831727198	0.0979783585929591	-0.0070267754202393	-7.72584178869679
WHR_5339_49_rectal_Sex-combined	0.222226002509566	0.205538885883927	0.016687116625639	7.5090747424666
WHR_5484_63_distal_Sex-combined	0.181832530758316	0.120347395746452	0.061485135011864	33.8141556714004
WHR_5484_63_proximal_Female	0.161334376518476	0.181761676171548	-0.020427299653072	-12.661467502391
WHR_5490_53_colon_Female	0.159632072762089	0.173061147412879	-0.01342907465079	-8.41251661926631
WHR_5490_53_colon_Sex-combined	0.201277612874062	0.167844452034502	0.03343316083956	16.61047165761
WHR_5490_53_overall_Female	0.132243822402966	0.134797164755946	-0.00255334235297999	-1.93078384047278
WHR_5490_53_proximal_Female	0.161334376518476	0.189817491784552	-0.028483115266076	-17.654709356263
WHR_5764_4_proximal_Female	0.161334376518476	0.190092655625323	-0.028758279106847	-17.8252643531018
WHR_5879_51_proximal_Female	0.161334376518476	0.185848553747507	-0.024514177229031	-15.1946397029796
WHR_6407_63_proximal_Female	0.161334376518476	0.189660389884083	-0.028326013365607	-17.5573327748678
WHR_6497_10_proximal_Female	0.161334376518476	0.185149179693636	-0.02381480317516	-14.7611461915761
WHR_6521_35_colon_Sex-combined	0.201277612874062	0.166181929583372	0.03509568329069	17.4364564392212
WHR_6572_10_colon_Sex-combined	0.201277612874062	0.176570413408498	0.024707199465564	12.2751850604583
WHR_7071_23_overall_Female	0.132243822402966	0.134296118772421	-0.002052296369455	-1.55190339492862
WHR_7071_23_rectal_Female	0.0909515831727198	0.0618592736590544	0.0290923095136654	31.9865894565224
WHR_7090_17_proximal_Sex-combined	0.194562647884421	0.187566452544502	0.00699619533991902	3.59585738372304
WHR_7147_35_distal_Sex-combined	0.181832530758316	0.133457487615513	0.048375043142803	26.6041741491796
WHR_7785_1_proximal_Sex-combined	0.194562647884421	0.190107608200111	0.00445503968431002	2.28977130644136
WHR_7886_26_colon_Female	0.159632072762089	0.161205741089485	-0.001573668327396	-0.985809618435106
WHR_7886_26_colon_Sex-combined	0.201277612874062	0.165154474136557	0.036123138737505	17.9469232676696
WHR_7886_26_overall_Sex-combined	0.191379768301878	0.152270166957158	0.03910960134472	20.4355986485622
WHR_7995_16_overall_Female	0.132243822402966	0.131274660025937	0.000969162377029015	0.732860226979705
WHR_7995_16_rectal_Female	0.0909515831727198	0.0750657631996529	0.0158858199730669	17.4662379904913
WHR_8357_43_colon_Sex-combined	0.201277612874062	0.156858616213779	0.044418996660283	22.0685231834877
WHR_8357_43_overall_Female	0.132243822402966	0.122008539192762	0.010235283210204	7.73970611573493
WHR_8357_43_proximal_Female	0.161334376518476	0.175066409635675	-0.013732033117199	-8.51153573933227
WHR_8520_8_proximal_Female	0.161334376518476	0.193234092897895	-0.031899716379419	-19.7724236258885
WHR_8589_13_distal_Sex-combined	0.181832530758316	0.141238356532126	0.04059417422619	22.3250339512384
WHR_8932_1_overall_Female	0.132243822402966	0.132122687843776	0.000121134559189995	0.0915994085688784
WHR_8932_1_proximal_Female	0.161334376518476	0.180477321326933	-0.019142944808457	-11.8653849362753
WHR_9095_5_overall_Sex-combined	0.191379768301878	0.171107762078182	0.020272006223696	10.5925544813699
WHR_9255_5_proximal_Female	0.161334376518476	0.178757595742091	-0.017423219223615	-10.799446218221
WHR_9834_62_overall_Sex-combined	0.191379768301878	0.175610676261448	0.01576909204043	8.23968603387386
